481250 681675 33.2
481262.5 681675 33.15
481275 681675 33.1
481287.5 681675 33.05
481300 681675 33
481312.5 681675 33.1
481325 681675 33.2
481337.5 681675 33.4
481350 681675 33.6
481362.5 681675 34.2
481375 681675 34.3
481387.5 681675 34.45
481400 681675 34.6
481412.5 681675 34.75
481425 681675 34.9
481437.5 681675 35.3
481450 681675 35.75
481462.5 681675 36.2
481475 681675 36.5667
481487.5 681675 36.9333
481500 681675 37.3
481512.5 681675 38
481525 681675 38.7
481537.5 681675 40.05
481550 681675 41.4
481562.5 681675 41.35
481575 681675 41.3
481587.5 681675 42.05
481600 681675 42.8
481612.5 681675 43.3
481625 681675 43.8
481637.5 681675 44.3
481650 681675 44.8
481662.5 681675 43.6
481675 681675 43.8333
481687.5 681675 44.0667
481700 681675 44.3
481712.5 681675 45.05
481725 681675 45.8
481737.5 681675 46.05
481750 681675 46.3
481762.5 681675 46.7
481775 681675 47.1
481787.5 681675 47.5932
481800 681675 48.0864
481812.5 681675 48.5795
481825 681675 49.0727
481837.5 681675 52.3227
481850 681675 54.7727
481862.5 681675 55.5045
481875 681675 56.2364
481887.5 681675 56.9682
481900 681675 57.7
481912.5 681675 56.4
481925 681675 55.1
481937.5 681675 53.225
481950 681675 51.35
481962.5 681675 49.475
481975 681675 47.6
481987.5 681675 49.1
482000 681675 48.8
482012.5 681675 48.5
482025 681675 48.2
482037.5 681675 47.9
482050 681675 47.6
482062.5 681675 47.4
482075 681675 47.2
482087.5 681675 47.25
482100 681675 47.3
482112.5 681675 47.75
482125 681675 48.2
482137.5 681675 49.35
482150 681675 50.5
482162.5 681675 60.1
482175 681675 63.6333
482187.5 681675 67.1667
482200 681675 70.7
482212.5 681675 72.2
482225 681675 73.7
482237.5 681675 74
482250 681675 74.3
482262.5 681675 75.3
482275 681675 76.3
482287.5 681675 71.8
482300 681675 67.3
482312.5 681675 59.9
482325 681675 52.5
482337.5 681675 52.7
482350 681675 52.9
482362.5 681675 57.1
482375 681675 61.3
482387.5 681675 60.4
482400 681675 59.5
482412.5 681675 55.1
482425 681675 50.7
482437.5 681675 50.15
482450 681675 49.6
482462.5 681675 49
482475 681675 48.4
482487.5 681675 47.4
482500 681675 46.4
482512.5 681675 46.2
482525 681675 46
482537.5 681675 45.9
482550 681675 45.4
482562.5 681675 45.35
482575 681675 45.3
482587.5 681675 45.8
482600 681675 45.2
482612.5 681675 45.4
482625 681675 45.6
482637.5 681675 46.8
482650 681675 48
482662.5 681675 48
482675 681675 48
482687.5 681675 48.7
482700 681675 49.4
482712.5 681675 51.65
482725 681675 53.9
482737.5 681675 52.5
482750 681675 52.3667
482762.5 681675 52.2333
482775 681675 52.1
482787.5 681675 51.85
482800 681675 51.6
482812.5 681675 51.65
482825 681675 51.7
482837.5 681675 51.85
482850 681675 52
482862.5 681675 51.95
482875 681675 51.9
482887.5 681675 52.1
482900 681675 52.3
482912.5 681675 52.55
482925 681675 52.8
482937.5 681675 54.4
482950 681675 57.9
482962.5 681675 61.4
482975 681675 64
482987.5 681675 66.6
483000 681675 69.2
483012.5 681675 73
483025 681675 76.8
483037.5 681675 79.75
483050 681675 82.7
483062.5 681675 84.4
483075 681675 86.1
483087.5 681675 86.65
483100 681675 87.2
483112.5 681675 86.7
483125 681675 86.2
483137.5 681675 86.25
483150 681675 86.3
483162.5 681675 86.9
483175 681675 87.1
483187.5 681675 87.35
483200 681675 87.6
483212.5 681675 87.9
483225 681675 87.6
483237.5 681675 87.9
483250 681675 88.2
483262.5 681675 88
483275 681675 87.8
483287.5 681675 88
483300 681675 88.3
483312.5 681675 89
483325 681675 89.7
483337.5 681675 89.8
483350 681675 89.7
483362.5 681675 89.45
483375 681675 89.2
483387.5 681675 88.25
483400 681675 87.3
483412.5 681675 85.2
483425 681675 83.1
483437.5 681675 79.1
483450 681675 77.1333
483462.5 681675 75.1667
483475 681675 73.2
483487.5 681675 73.025
483500 681675 72.85
483512.5 681675 72.675
483525 681675 72.5
483537.5 681675 71.85
483550 681675 71.2
483562.5 681675 74.7
483575 681675 78.2
483587.5 681675 79.35
483600 681675 80.5
483612.5 681675 74.8
483625 681675 73.08
483637.5 681675 71.36
483650 681675 69.64
483662.5 681675 67.92
483675 681675 66.2
483687.5 681675 65.65
483700 681675 65.1
483712.5 681675 65.25
483725 681675 65.4
483737.5 681675 65.7
483750 681675 66
483762.5 681675 67
483775 681675 68
483787.5 681675 67.15
483800 681675 66.3
483812.5 681675 66.45
483825 681675 66.6
483837.5 681675 67.1
483850 681675 67.6
483862.5 681675 67.75
483875 681675 67.9
483887.5 681675 68.55
483900 681675 69.2
483912.5 681675 72.1
483925 681675 75
483937.5 681675 79
483950 681675 83
483962.5 681675 82.2
483975 681675 81.4
483987.5 681675 76.45
484000 681675 71.5
484012.5 681675 71.35
484025 681675 71.2
484037.5 681675 71.45
484050 681675 71.7
484062.5 681675 75.85
484075 681675 80
484087.5 681675 76.55
484100 681675 73.1
484112.5 681675 71.4
484125 681675 71.6
484137.5 681675 71.8
484150 681675 72
484162.5 681675 72.6
484175 681675 73.2
484187.5 681675 72.95
484200 681675 72.7
484212.5 681675 73.1
484225 681675 73.5
484237.5 681675 74
484250 681675 74.5
484262.5 681675 74.55
484275 681675 74.6
484287.5 681675 74.95
484300 681675 75.3
484312.5 681675 75.05
484325 681675 74.8
484337.5 681675 74.9
484350 681675 75
484362.5 681675 75.35
484375 681675 75.7
